#crosssection           uncertainty            Q2            XXXX x y z pt
2964288210.842054 10769266.220327 1.847096 2.874033 0.000199 0.490961 0.005901 0.034018 
11648813442.289434 12325544.592640 1.838824 2.866614 0.000199 0.488711 0.005056 0.132612 
9391777180.755857 7825717.470303 1.840252 2.855493 0.000198 0.489774 0.005424 0.326129 
317920616.255986 421537.509579 1.839606 2.836560 0.000197 0.492595 0.006590 0.712654 
449621858.628613 4194204.558173 1.885714 3.103886 0.000204 0.486483 0.035433 0.033031 
1533025869.008437 4471363.877223 1.826275 2.892799 0.000202 0.479423 0.035689 0.133601 
1442686774.719065 3067159.067374 1.805872 2.821764 0.000202 0.474710 0.036008 0.331495 
64743669.653553 190228.478949 1.809045 2.767215 0.000201 0.476415 0.036157 0.759412 
136565010.228261 1634483.807886 1.891153 3.154625 0.000205 0.483039 0.069342 0.033038 
564713890.836454 1918953.759330 1.832194 2.926696 0.000203 0.477784 0.070394 0.136799 
657175503.906770 1463780.508998 1.826244 2.889406 0.000202 0.478314 0.071411 0.334635 
32753860.261082 95673.822902 1.819185 2.829808 0.000201 0.478401 0.072066 0.773983 
17426824.706825 238366.054490 1.810757 2.908058 0.000202 0.475704 0.182762 0.033213 
81916400.714200 298373.384179 1.813928 2.882158 0.000202 0.474494 0.181842 0.138474 
128677565.244801 264430.209349 1.821811 2.895080 0.000202 0.476417 0.188557 0.344069 
8489516.198486 19885.097615 1.842989 2.947100 0.000202 0.481360 0.198334 0.816075 
1318015.694618 56770.954894 1.763090 2.649533 0.000200 0.469604 0.517618 0.033152 
5794541.479926 68725.011149 1.738528 2.659959 0.000200 0.461866 0.519882 0.138317 
10469136.414147 65319.930274 1.757785 2.703276 0.000202 0.463111 0.521360 0.353684 
991219.065327 5884.393562 1.814343 2.907656 0.000202 0.477066 0.527503 0.843282 
166280.273161 28516.831584 1.901990 2.451946 0.000205 0.489048 0.881134 0.039267 
694464.670263 33646.923216 1.692125 2.519084 0.000195 0.461965 0.877172 0.139622 
1323721.390266 32847.594770 1.705521 2.566877 0.000201 0.452071 0.879561 0.352268 
121216.921821 2910.137517 1.754558 2.717211 0.000198 0.474117 0.875347 0.779581 
1140103869.888127 3755445.001352 2.817745 2.874033 0.000584 0.261290 0.007112 0.034192 
4577135930.889408 4344356.674880 2.794085 2.866614 0.000587 0.258347 0.005935 0.132640 
3614569854.530652 2729869.473727 2.797603 2.855493 0.000585 0.259139 0.006372 0.324950 
113984586.186679 141926.417228 2.825157 2.836560 0.000580 0.263596 0.007795 0.701873 
232869911.036120 1697250.263717 2.883123 3.103886 0.000601 0.259937 0.035848 0.032659 
737802800.915324 1744209.785353 2.683965 2.892799 0.000600 0.243820 0.035770 0.133272 
683946866.288626 1187475.759753 2.620136 2.821764 0.000599 0.238298 0.036038 0.330516 
29160384.663237 71785.511704 2.609612 2.767215 0.000596 0.238609 0.036222 0.747191 
72093803.002311 667764.252351 2.920102 3.154625 0.000606 0.261799 0.068782 0.032995 
278565605.663872 757839.639414 2.701585 2.926696 0.000602 0.244305 0.070401 0.136236 
319029716.411551 573474.540498 2.668265 2.889406 0.000601 0.241816 0.071562 0.334344 
15235373.659766 36690.339758 2.667237 2.829808 0.000597 0.242951 0.072227 0.762182 
8747826.759861 94961.739210 2.643973 2.908058 0.000603 0.239809 0.181581 0.033355 
40729040.217074 118301.440764 2.632303 2.882158 0.000602 0.237955 0.181663 0.138497 
63465039.875583 104421.571918 2.645677 2.895080 0.000602 0.239434 0.188153 0.343955 
4065732.223398 7737.825635 2.736963 2.947100 0.000600 0.248008 0.199382 0.800840 
566711.968093 20931.984142 2.410483 2.649533 0.000592 0.222494 0.519519 0.033344 
2742329.264426 26584.492659 2.385342 2.659959 0.000602 0.217176 0.519054 0.138979 
4969360.402340 25304.853491 2.423826 2.703276 0.000602 0.219988 0.522149 0.352965 
484670.718843 2313.681512 2.630575 2.907656 0.000601 0.238748 0.527106 0.834201 
51027.271343 8882.707785 2.011569 2.451946 0.000609 0.175669 0.855706 0.033587 
307709.909005 12593.728206 2.251911 2.519084 0.000601 0.208228 0.885805 0.139739 
592483.317255 12356.817730 2.357274 2.566877 0.000602 0.212300 0.881255 0.351661 
57057.767047 1122.671166 2.428803 2.717211 0.000594 0.222366 0.877296 0.774167 
251004962.933508 990984.938468 3.205776 2.874033 0.001782 0.099361 0.009075 0.034695 
1071277939.949585 1181996.942654 3.128728 2.866614 0.001800 0.096280 0.007464 0.132747 
816814999.413822 729813.893078 3.148218 2.855493 0.001794 0.097113 0.008098 0.323155 
23002178.977375 35855.961161 3.243887 2.836560 0.001766 0.101219 0.009906 0.684844 
71265768.838498 528039.470662 3.136978 3.103886 0.001855 0.094280 0.035828 0.032754 
228913813.544628 546388.150811 2.886359 2.892799 0.001859 0.086509 0.035798 0.133362 
211065093.399625 370986.820681 2.815726 2.821764 0.001858 0.084351 0.036085 0.330070 
8428313.879457 21704.372283 2.814860 2.767215 0.001842 0.084979 0.036206 0.727270 
22653241.920115 210511.624786 3.173629 3.154625 0.001867 0.094498 0.069154 0.032923 
88995810.514029 240899.032487 2.898503 2.926696 0.001864 0.086599 0.070389 0.136337 
100997985.838774 181464.481881 2.876206 2.889406 0.001864 0.085889 0.071640 0.333397 
4498426.341173 11212.234920 2.861670 2.829808 0.001851 0.086064 0.072271 0.742207 
2923598.449880 30874.088027 2.873229 2.908058 0.001881 0.085502 0.180827 0.033358 
13448813.701250 38231.086280 2.822982 2.882158 0.001871 0.084097 0.182331 0.138278 
20861979.526490 33669.557507 2.843904 2.895080 0.001871 0.084612 0.189287 0.343642 
1255779.363806 2418.482380 2.952459 2.947100 0.001860 0.088459 0.201225 0.775370 
202470.685555 7036.342727 2.547205 2.649533 0.001864 0.076574 0.518610 0.033558 
921143.807352 8665.008625 2.550165 2.659959 0.001879 0.075947 0.519481 0.138607 
1700215.793076 8324.196165 2.593973 2.703276 0.001886 0.076658 0.521877 0.353771 
159496.317479 746.435384 2.826348 2.907656 0.001876 0.083775 0.527872 0.811800 
20051.444705 3131.509551 2.279925 2.451946 0.001887 0.065829 0.882303 0.032793 
111016.535317 4254.162877 2.490969 2.519084 0.001861 0.076409 0.874936 0.137320 
194319.691773 3979.822357 2.469339 2.566877 0.001863 0.073631 0.876987 0.356416 
19611.291041 370.156158 2.616680 2.717211 0.001851 0.078579 0.872775 0.768726 
37436080.306433 215196.092552 3.701002 2.874033 0.005306 0.037429 0.011781 0.035171 
179987927.236987 272427.068198 3.529767 2.866614 0.005353 0.035379 0.009495 0.133003 
130610022.240838 164097.446351 3.581419 2.855493 0.005328 0.036063 0.010396 0.320162 
3065453.385528 7360.164728 3.812655 2.836560 0.005252 0.038900 0.012641 0.665562 
16707256.406129 143761.225103 3.467955 3.103886 0.005496 0.033989 0.035961 0.032677 
53910776.057717 149096.126492 3.189353 2.892799 0.005484 0.031109 0.035886 0.133538 
49013188.862796 100524.066920 3.121550 2.821764 0.005456 0.030563 0.036163 0.328847 
1783542.298709 5614.122478 3.124312 2.767215 0.005416 0.030803 0.036401 0.705586 
5499193.569780 58320.830776 3.477063 3.154625 0.005555 0.033681 0.069092 0.032938 
21553094.731931 66660.472838 3.198200 2.926696 0.005506 0.031109 0.070691 0.136480 
24383819.723986 50135.972396 3.161222 2.889406 0.005484 0.030822 0.071767 0.332435 
990485.725188 2958.348195 3.147273 2.829808 0.005440 0.030879 0.072406 0.722230 
725411.936238 8647.506992 3.144965 2.908058 0.005529 0.030313 0.184667 0.033466 
3399687.657974 10808.301604 3.118056 2.882158 0.005512 0.030245 0.183476 0.138668 
5249159.940201 9496.593552 3.131911 2.895080 0.005517 0.030370 0.190650 0.343449 
297382.224909 661.769971 3.238892 2.947100 0.005499 0.031504 0.203694 0.751506 
53887.891100 2041.149424 2.770252 2.649533 0.005512 0.026918 0.526145 0.032469 
246889.524981 2522.434569 2.853108 2.659959 0.005511 0.027643 0.522718 0.138511 
457750.703832 2428.667661 2.870495 2.703276 0.005519 0.027701 0.522660 0.353134 
41724.182457 214.671358 3.133688 2.907656 0.005545 0.030214 0.530967 0.789422 
6185.123799 977.953941 2.889799 2.451946 0.005818 0.026147 0.852829 0.036399 
25307.464878 1142.109902 2.729080 2.519084 0.005578 0.025788 0.876104 0.142262 
48475.907775 1117.716219 2.707836 2.566877 0.005531 0.026095 0.872501 0.353074 
4917.173420 104.220450 2.915304 2.717211 0.005525 0.027887 0.869463 0.759304 
2460948.042790 31029.667504 5.730442 2.874033 0.015458 0.019426 0.013511 0.034665 
13016941.446682 41202.137575 5.592442 2.866614 0.015552 0.018847 0.010758 0.133152 
8969483.974081 24184.326843 5.624078 2.855493 0.015449 0.019084 0.011847 0.317684 
185451.410538 1018.103546 5.795932 2.836560 0.015250 0.019959 0.014645 0.651631 
1566947.044733 24760.137918 5.475416 3.103886 0.015786 0.018161 0.036327 0.032219 
4820302.099075 25072.774857 5.377029 2.892799 0.015812 0.017755 0.035956 0.133121 
4120425.168941 16391.597831 5.355571 2.821764 0.015755 0.017728 0.036238 0.327639 
138702.899455 880.480312 5.345564 2.767215 0.015683 0.017783 0.036413 0.694012 
546573.039074 10340.344416 5.479441 3.154625 0.015922 0.017953 0.068906 0.032857 
1986168.956951 11380.422073 5.375998 2.926696 0.015817 0.017721 0.070537 0.136223 
2154405.468620 8381.060930 5.371183 2.889406 0.015818 0.017713 0.072086 0.331138 
80985.479596 475.735391 5.378896 2.829808 0.015743 0.017807 0.072751 0.706981 
68142.308021 1490.540209 5.278672 2.908058 0.015820 0.017400 0.182512 0.033395 
316562.862526 1854.832220 5.325598 2.882158 0.015902 0.017465 0.183649 0.137872 
490146.426116 1632.009083 5.334078 2.895080 0.015856 0.017534 0.190959 0.343648 
27245.744703 112.651142 5.429076 2.947100 0.015875 0.017867 0.207520 0.737431 
4817.237325 343.213949 5.173130 2.649533 0.016217 0.016610 0.518126 0.032084 
21681.643461 420.389035 5.156656 2.659959 0.015828 0.016874 0.522929 0.139013 
41627.125247 411.887387 5.170937 2.703276 0.015878 0.016917 0.521567 0.355538 
4079.106617 37.748475 5.379185 2.907656 0.015999 0.017549 0.531095 0.794886 
-999.000000 -999.000000 -999.000000 2.451946 -999.000000 -999.000000 -999.000000 -999.000000 
2184.466334 188.709149 4.938811 2.519084 0.014891 0.017009 0.873818 0.133985 
4279.271736 186.762730 5.112295 2.566877 0.015717 0.016835 0.870048 0.349241 
452.030827 17.771166 5.268086 2.717211 0.016060 0.017123 0.865317 0.793334 
34884.098227 2077.317819 8.535458 2.874033 0.036735 0.011685 0.014886 0.033244 
169637.328730 2644.778351 8.566457 2.866614 0.036746 0.011724 0.012069 0.133492 
112156.911557 1520.640636 8.559032 2.855493 0.036597 0.011758 0.013438 0.313436 
2030.487784 59.901868 8.595015 2.836560 0.036365 0.011883 0.017097 0.634210 
24369.387768 1736.246989 8.535762 3.103886 0.036652 0.011716 0.035117 0.032001 
74386.422224 1751.359911 8.547686 2.892799 0.036670 0.011717 0.035878 0.134789 
66448.846682 1170.461936 8.538035 2.821764 0.036764 0.011677 0.036151 0.326993 
2049.926745 60.187922 8.578427 2.767215 0.036828 0.011715 0.036540 0.686925 
8349.917129 718.646444 8.601823 3.154625 0.037083 0.011666 0.069013 0.031973 
33379.051436 829.565279 8.564273 2.926696 0.036737 0.011725 0.070351 0.135806 
35430.450829 604.347754 8.536961 2.889406 0.036836 0.011647 0.072087 0.331604 
1285.622161 33.704032 8.545557 2.829808 0.036719 0.011698 0.072597 0.702564 
1422.578474 121.097922 8.494415 2.908058 0.036739 0.011618 0.183591 0.034071 
5054.620616 131.789930 8.564947 2.882158 0.036826 0.011692 0.183943 0.138455 
8066.432288 117.723643 8.541969 2.895080 0.036858 0.011650 0.192500 0.343130 
468.154966 8.303178 8.548021 2.947100 0.036886 0.011653 0.211155 0.738731 
-999.000000 -999.000000 -999.000000 2.649533 -999.000000 -999.000000 -999.000000 -999.000000 
383.993103 31.457941 8.585111 2.659959 0.036905 0.011695 0.505455 0.142944 
742.214856 30.925619 8.489495 2.703276 0.036703 0.011637 0.523763 0.358557 
75.878215 2.894934 8.559615 2.907656 0.037000 0.011634 0.533294 0.792323 
-999.000000 -999.000000 -999.000000 2.451946 -999.000000 -999.000000 -999.000000 -999.000000 
-999.000000 -999.000000 -999.000000 2.519084 -999.000000 -999.000000 -999.000000 -999.000000 
82.468317 14.578477 8.545454 2.566877 0.037590 0.011431 0.851885 0.373304 
9.498583 1.448520 8.332047 2.717211 0.036418 0.011492 0.862783 0.732597 
-999.000000 -999.000000 -999.000000 2.874033 -999.000000 -999.000000 -999.000000 -999.000000 
-999.000000 -999.000000 -999.000000 2.866614 -999.000000 -999.000000 -999.000000 -999.000000 
-999.000000 -999.000000 -999.000000 2.855493 -999.000000 -999.000000 -999.000000 -999.000000 
-999.000000 -999.000000 -999.000000 2.836560 -999.000000 -999.000000 -999.000000 -999.000000 
-999.000000 -999.000000 -999.000000 3.103886 -999.000000 -999.000000 -999.000000 -999.000000 
-999.000000 -999.000000 -999.000000 2.892799 -999.000000 -999.000000 -999.000000 -999.000000 
-999.000000 -999.000000 -999.000000 2.821764 -999.000000 -999.000000 -999.000000 -999.000000 
-999.000000 -999.000000 -999.000000 2.767215 -999.000000 -999.000000 -999.000000 -999.000000 
-999.000000 -999.000000 -999.000000 3.154625 -999.000000 -999.000000 -999.000000 -999.000000 
-999.000000 -999.000000 -999.000000 2.926696 -999.000000 -999.000000 -999.000000 -999.000000 
-999.000000 -999.000000 -999.000000 2.889406 -999.000000 -999.000000 -999.000000 -999.000000 
-999.000000 -999.000000 -999.000000 2.829808 -999.000000 -999.000000 -999.000000 -999.000000 
-999.000000 -999.000000 -999.000000 2.908058 -999.000000 -999.000000 -999.000000 -999.000000 
-999.000000 -999.000000 -999.000000 2.882158 -999.000000 -999.000000 -999.000000 -999.000000 
-999.000000 -999.000000 -999.000000 2.895080 -999.000000 -999.000000 -999.000000 -999.000000 
-999.000000 -999.000000 -999.000000 2.947100 -999.000000 -999.000000 -999.000000 -999.000000 
-999.000000 -999.000000 -999.000000 2.649533 -999.000000 -999.000000 -999.000000 -999.000000 
-999.000000 -999.000000 -999.000000 2.659959 -999.000000 -999.000000 -999.000000 -999.000000 
-999.000000 -999.000000 -999.000000 2.703276 -999.000000 -999.000000 -999.000000 -999.000000 
-999.000000 -999.000000 -999.000000 2.907656 -999.000000 -999.000000 -999.000000 -999.000000 
-999.000000 -999.000000 -999.000000 2.451946 -999.000000 -999.000000 -999.000000 -999.000000 
-999.000000 -999.000000 -999.000000 2.519084 -999.000000 -999.000000 -999.000000 -999.000000 
-999.000000 -999.000000 -999.000000 2.566877 -999.000000 -999.000000 -999.000000 -999.000000 
-999.000000 -999.000000 -999.000000 2.717211 -999.000000 -999.000000 -999.000000 -999.000000 
-999.000000 -999.000000 -999.000000 2.874033 -999.000000 -999.000000 -999.000000 -999.000000 
-999.000000 -999.000000 -999.000000 2.866614 -999.000000 -999.000000 -999.000000 -999.000000 
-999.000000 -999.000000 -999.000000 2.855493 -999.000000 -999.000000 -999.000000 -999.000000 
-999.000000 -999.000000 -999.000000 2.836560 -999.000000 -999.000000 -999.000000 -999.000000 
-999.000000 -999.000000 -999.000000 3.103886 -999.000000 -999.000000 -999.000000 -999.000000 
-999.000000 -999.000000 -999.000000 2.892799 -999.000000 -999.000000 -999.000000 -999.000000 
-999.000000 -999.000000 -999.000000 2.821764 -999.000000 -999.000000 -999.000000 -999.000000 
-999.000000 -999.000000 -999.000000 2.767215 -999.000000 -999.000000 -999.000000 -999.000000 
-999.000000 -999.000000 -999.000000 3.154625 -999.000000 -999.000000 -999.000000 -999.000000 
-999.000000 -999.000000 -999.000000 2.926696 -999.000000 -999.000000 -999.000000 -999.000000 
-999.000000 -999.000000 -999.000000 2.889406 -999.000000 -999.000000 -999.000000 -999.000000 
-999.000000 -999.000000 -999.000000 2.829808 -999.000000 -999.000000 -999.000000 -999.000000 
-999.000000 -999.000000 -999.000000 2.908058 -999.000000 -999.000000 -999.000000 -999.000000 
-999.000000 -999.000000 -999.000000 2.882158 -999.000000 -999.000000 -999.000000 -999.000000 
-999.000000 -999.000000 -999.000000 2.895080 -999.000000 -999.000000 -999.000000 -999.000000 
-999.000000 -999.000000 -999.000000 2.947100 -999.000000 -999.000000 -999.000000 -999.000000 
-999.000000 -999.000000 -999.000000 2.649533 -999.000000 -999.000000 -999.000000 -999.000000 
-999.000000 -999.000000 -999.000000 2.659959 -999.000000 -999.000000 -999.000000 -999.000000 
-999.000000 -999.000000 -999.000000 2.703276 -999.000000 -999.000000 -999.000000 -999.000000 
-999.000000 -999.000000 -999.000000 2.907656 -999.000000 -999.000000 -999.000000 -999.000000 
-999.000000 -999.000000 -999.000000 2.451946 -999.000000 -999.000000 -999.000000 -999.000000 
-999.000000 -999.000000 -999.000000 2.519084 -999.000000 -999.000000 -999.000000 -999.000000 
-999.000000 -999.000000 -999.000000 2.566877 -999.000000 -999.000000 -999.000000 -999.000000 
-999.000000 -999.000000 -999.000000 2.717211 -999.000000 -999.000000 -999.000000 -999.000000 
-999.000000 -999.000000 -999.000000 24.323558 -999.000000 -999.000000 -999.000000 -999.000000 
-999.000000 -999.000000 -999.000000 24.307302 -999.000000 -999.000000 -999.000000 -999.000000 
-999.000000 -999.000000 -999.000000 24.256905 -999.000000 -999.000000 -999.000000 -999.000000 
-999.000000 -999.000000 -999.000000 24.397125 -999.000000 -999.000000 -999.000000 -999.000000 
-999.000000 -999.000000 -999.000000 23.381220 -999.000000 -999.000000 -999.000000 -999.000000 
-999.000000 -999.000000 -999.000000 24.137659 -999.000000 -999.000000 -999.000000 -999.000000 
-999.000000 -999.000000 -999.000000 24.601463 -999.000000 -999.000000 -999.000000 -999.000000 
-999.000000 -999.000000 -999.000000 25.739599 -999.000000 -999.000000 -999.000000 -999.000000 
-999.000000 -999.000000 -999.000000 23.102996 -999.000000 -999.000000 -999.000000 -999.000000 
-999.000000 -999.000000 -999.000000 23.771383 -999.000000 -999.000000 -999.000000 -999.000000 
-999.000000 -999.000000 -999.000000 24.249302 -999.000000 -999.000000 -999.000000 -999.000000 
-999.000000 -999.000000 -999.000000 26.170940 -999.000000 -999.000000 -999.000000 -999.000000 
-999.000000 -999.000000 -999.000000 23.240662 -999.000000 -999.000000 -999.000000 -999.000000 
-999.000000 -999.000000 -999.000000 23.152351 -999.000000 -999.000000 -999.000000 -999.000000 
-999.000000 -999.000000 -999.000000 23.562270 -999.000000 -999.000000 -999.000000 -999.000000 
-999.000000 -999.000000 -999.000000 25.317053 -999.000000 -999.000000 -999.000000 -999.000000 
-999.000000 -999.000000 -999.000000 23.316927 -999.000000 -999.000000 -999.000000 -999.000000 
-999.000000 -999.000000 -999.000000 22.284705 -999.000000 -999.000000 -999.000000 -999.000000 
-999.000000 -999.000000 -999.000000 23.058087 -999.000000 -999.000000 -999.000000 -999.000000 
-999.000000 -999.000000 -999.000000 24.557968 -999.000000 -999.000000 -999.000000 -999.000000 
-999.000000 -999.000000 -999.000000 -999.000000 -999.000000 -999.000000 -999.000000 -999.000000 
-999.000000 -999.000000 -999.000000 23.954685 -999.000000 -999.000000 -999.000000 -999.000000 
-999.000000 -999.000000 -999.000000 20.966307 -999.000000 -999.000000 -999.000000 -999.000000 
-999.000000 -999.000000 -999.000000 22.906698 -999.000000 -999.000000 -999.000000 -999.000000 
2749906.041080 58324.110452 12.231191 24.323558 0.000802 0.772058 0.005782 0.033706 
10568314.864729 66013.299562 12.269270 24.307302 0.000808 0.768353 0.004787 0.132696 
8369709.524942 41540.217290 12.291434 24.256905 0.000808 0.770203 0.004996 0.325658 
275078.963019 2204.798300 12.296364 24.397125 0.000808 0.770265 0.005948 0.702325 
613564.280871 27549.849495 12.185156 23.381220 0.000814 0.757457 0.036345 0.031216 
1499274.008902 24863.889953 12.280016 24.137659 0.000810 0.767160 0.035773 0.132959 
1326090.542527 16534.846209 12.282272 24.601463 0.000809 0.768199 0.036086 0.325603 
55012.258247 985.984103 12.344349 25.739599 0.000814 0.767386 0.036264 0.769434 
171327.929235 10294.097593 12.289110 23.102996 0.000807 0.770353 0.067346 0.032007 
582020.149495 10954.248306 12.284642 23.771383 0.000811 0.766820 0.070049 0.135866 
648510.230336 8176.303219 12.273734 24.249302 0.000811 0.765834 0.071774 0.335603 
32542.587074 536.230134 12.287970 26.170940 0.000811 0.766019 0.072752 0.794414 
15359.724101 1258.317627 12.258814 23.240662 0.000815 0.760207 0.166096 0.033480 
75046.168762 1605.839767 12.237314 23.152351 0.000810 0.765123 0.175496 0.139163 
117946.874669 1423.528501 12.179196 23.562270 0.000809 0.762785 0.180587 0.346499 
9447.040279 117.949862 12.280098 25.317053 0.000812 0.765586 0.198154 0.848923 
-999.000000 -999.000000 -999.000000 23.316927 -999.000000 -999.000000 -999.000000 -999.000000 
3041.019201 279.948509 12.363972 22.284705 0.000804 0.777992 0.510653 0.140437 
5759.896538 272.433758 12.184500 23.058087 0.000807 0.764460 0.512641 0.353858 
880.275655 31.180963 12.261100 24.557968 0.000808 0.768368 0.515939 0.958741 
-999.000000 -999.000000 -999.000000 -999.000000 -999.000000 -999.000000 -999.000000 -999.000000 
-999.000000 -999.000000 -999.000000 23.954685 -999.000000 -999.000000 -999.000000 -999.000000 
644.283729 128.856746 12.357338 20.966307 0.000833 0.748013 0.886785 0.342700 
75.105075 12.880414 11.951925 22.906698 0.000813 0.745502 0.870247 0.831699 
3844008.667792 38780.917421 17.830435 24.323558 0.001945 0.487364 0.006361 0.034200 
15261399.094610 44613.104645 17.741128 24.307302 0.001950 0.483837 0.005320 0.132687 
12008696.119771 27983.253193 17.759905 24.256905 0.001944 0.485502 0.005485 0.324412 
371495.281881 1440.965327 17.890662 24.397125 0.001937 0.490459 0.006602 0.696824 
944471.951557 19222.967519 17.514934 23.381220 0.001975 0.472421 0.036521 0.032394 
2462773.865397 17921.631383 17.506567 24.137659 0.001973 0.472718 0.035889 0.131925 
2160795.847746 11870.175574 17.589612 24.601463 0.001977 0.473931 0.036259 0.328740 
90249.666243 710.231094 17.994871 25.739599 0.001976 0.483146 0.036450 0.754042 
276220.877299 7350.876933 17.149723 23.102996 0.001990 0.461491 0.066978 0.033365 
926865.804987 7774.253617 17.294838 23.771383 0.001968 0.469535 0.070056 0.134833 
1062139.697800 5884.723977 17.540712 24.249302 0.001972 0.473936 0.071611 0.335036 
53282.347699 385.881144 18.072208 26.170940 0.001971 0.486395 0.072708 0.785539 
26311.407930 926.205425 17.039951 23.240662 0.001962 0.466482 0.171556 0.033099 
117700.350218 1131.002401 16.994701 23.152351 0.001980 0.458941 0.173037 0.138184 
192205.867385 1021.981353 17.021483 23.562270 0.001975 0.461121 0.180124 0.347161 
15508.779427 84.991416 17.796104 25.317053 0.001979 0.477988 0.197784 0.853989 
929.213291 150.738301 15.105146 23.316927 0.001793 0.446369 0.485352 0.033116 
4197.761798 184.975486 16.062791 22.284705 0.001954 0.445089 0.508656 0.135337 
9186.169993 193.489553 16.206519 23.058087 0.001979 0.440342 0.510387 0.357547 
1477.658730 22.719772 17.433019 24.557968 0.001994 0.466891 0.516706 0.976586 
-999.000000 -999.000000 -999.000000 -999.000000 -999.000000 -999.000000 -999.000000 -999.000000 
358.643726 76.463099 16.630063 23.954685 0.002149 0.435444 0.880616 0.141379 
798.797391 80.690722 14.995511 20.966307 0.001992 0.410163 0.883178 0.348863 
134.142069 9.680870 16.547259 22.906698 0.001994 0.451888 0.871339 0.867424 
1218716.793375 12278.366539 25.953834 24.323558 0.005792 0.243112 0.007656 0.034168 
5053534.782975 14435.312779 25.890092 24.307302 0.005798 0.243089 0.006192 0.132683 
3857105.052357 8917.524368 25.978000 24.256905 0.005776 0.244823 0.006510 0.323781 
112882.043690 446.634851 26.756234 24.397125 0.005711 0.254010 0.007837 0.687634 
364551.196719 6715.347024 23.622708 23.381220 0.005903 0.219689 0.036154 0.031891 
950900.932874 6261.756937 24.213901 24.137659 0.005889 0.224869 0.035888 0.132395 
848867.007268 4183.438589 24.636169 24.601463 0.005895 0.228100 0.036261 0.329469 
34827.548524 248.085641 26.571532 25.739599 0.005865 0.245896 0.036580 0.743760 
111084.823432 2621.208472 22.670162 23.102996 0.005901 0.211261 0.067743 0.033072 
361953.444723 2731.743561 23.503055 23.771383 0.005907 0.218563 0.070125 0.134810 
424938.622078 2092.963602 24.035994 24.249302 0.005904 0.222694 0.071673 0.334298 
21191.117725 136.836548 26.679550 26.170940 0.005920 0.244980 0.072755 0.779712 
10009.592015 321.223094 21.503076 23.240662 0.005904 0.199487 0.173307 0.033997 
46068.863764 397.870460 22.363493 23.152351 0.005961 0.205286 0.174122 0.138605 
76327.863861 362.129998 22.817668 23.562270 0.005928 0.211118 0.180627 0.347429 
6303.672005 30.468169 25.176943 25.317053 0.005909 0.232599 0.198872 0.853800 
378.838833 54.119833 21.343416 23.316927 0.005613 0.202267 0.529198 0.030249 
1811.725846 68.330534 19.669886 22.284705 0.006090 0.177993 0.507502 0.137395 
3732.979926 69.355580 20.760639 23.058087 0.006063 0.187633 0.511017 0.358167 
629.557244 8.338689 23.369901 24.557968 0.005962 0.215277 0.520029 0.969912 
-999.000000 -999.000000 -999.000000 -999.000000 -999.000000 -999.000000 -999.000000 -999.000000 
134.011016 26.281722 19.420962 23.954685 0.006201 0.182990 0.858164 0.130828 
353.067484 30.164591 17.162444 20.966307 0.005887 0.162047 0.866470 0.354469 
44.842148 3.147302 21.237775 22.906698 0.006001 0.188379 0.861500 0.964194 
249850.782214 3126.556321 29.358395 24.323558 0.017726 0.092486 0.009379 0.034450 
1070218.962837 3735.954628 28.647465 24.307302 0.017844 0.088896 0.007704 0.132797 
786166.610712 2264.162389 29.027858 24.256905 0.017755 0.090343 0.008214 0.322029 
20914.984275 108.119904 30.491550 24.397125 0.017542 0.095690 0.009948 0.676305 
89243.600725 1868.591814 25.389817 23.381220 0.018228 0.076937 0.036316 0.032038 
256710.658581 1829.730901 25.750523 24.137659 0.018385 0.077835 0.035935 0.133122 
228899.467796 1221.722764 26.531477 24.601463 0.018277 0.080579 0.036238 0.328083 
8586.210273 69.275176 28.583423 25.739599 0.018249 0.087250 0.036529 0.718669 
29891.324399 764.686601 25.209588 23.102996 0.018268 0.076612 0.068432 0.033129 
100505.013735 809.550859 25.137330 23.771383 0.018377 0.076029 0.070258 0.135509 
116370.108033 615.964943 25.712881 24.249302 0.018392 0.077810 0.071847 0.334278 
5398.938819 38.843297 28.940396 26.170940 0.018226 0.088414 0.073035 0.753150 
2944.138954 97.974810 23.562772 23.240662 0.018559 0.070161 0.177663 0.033009 
14066.441670 123.642214 23.600916 23.152351 0.018562 0.070619 0.177329 0.138077 
22674.434504 111.001254 24.242010 23.562270 0.018551 0.072729 0.183826 0.346734 
1720.465190 8.951776 27.108559 25.317053 0.018329 0.082118 0.201727 0.824440 
151.608484 19.254297 23.023726 23.316927 0.019611 0.063072 0.529151 0.033233 
663.490894 23.255344 21.037279 22.284705 0.018738 0.061900 0.510119 0.138766 
1338.393179 23.355122 21.954956 23.058087 0.018956 0.064257 0.512629 0.360323 
192.724426 2.594689 25.049598 24.557968 0.018779 0.074348 0.521594 0.942941 
-999.000000 -999.000000 -999.000000 -999.000000 -999.000000 -999.000000 -999.000000 -999.000000 
47.275764 8.778889 23.094591 23.954685 0.019692 0.064368 0.859084 0.136222 
113.298814 9.609880 20.575020 20.966307 0.019186 0.059388 0.871017 0.360854 
17.466415 1.104673 21.682856 22.906698 0.017977 0.066985 0.864839 0.887630 
35082.022188 658.766499 33.351458 24.323558 0.052390 0.034047 0.011823 0.033873 
162314.142152 818.100672 32.459515 24.307302 0.052613 0.032875 0.009760 0.132980 
114187.693871 485.202715 33.207394 24.256905 0.052517 0.033717 0.010682 0.318993 
2687.347932 21.792253 35.426961 24.397125 0.051952 0.036329 0.012906 0.662046 
16675.093762 454.175119 29.357318 23.381220 0.053320 0.029138 0.036516 0.032133 
52825.080660 466.711662 28.731052 24.137659 0.053650 0.028355 0.035884 0.133696 
47192.494587 311.924896 29.416532 24.601463 0.053942 0.028973 0.036297 0.327378 
1684.651005 17.254213 30.973135 25.739599 0.053756 0.030756 0.036602 0.699354 
5251.170105 180.219691 28.124383 23.102996 0.052270 0.028547 0.068467 0.032048 
21146.938269 208.803282 28.143102 23.771383 0.053729 0.027804 0.070501 0.136519 
24592.052225 159.219391 28.846095 24.249302 0.053870 0.028421 0.071692 0.334409 
1078.773949 9.763160 31.743781 26.170940 0.053674 0.031541 0.072932 0.730756 
674.178494 26.362465 28.096235 23.240662 0.054575 0.027182 0.178710 0.033581 
3188.774936 33.101668 27.003152 23.152351 0.053941 0.026515 0.181528 0.138650 
5210.279565 29.919440 27.493282 23.562270 0.053999 0.026924 0.188395 0.345838 
366.012064 2.321653 30.298518 25.317053 0.054242 0.029740 0.205026 0.799514 
44.069007 5.837083 23.716449 23.316927 0.053583 0.022952 0.498225 0.030272 
196.377681 7.114013 24.353137 22.284705 0.054533 0.023557 0.517536 0.137228 
390.049370 7.089463 25.445125 23.058087 0.054770 0.024463 0.521111 0.356317 
48.840388 0.734463 27.377066 24.557968 0.054888 0.026355 0.529586 0.894121 
-999.000000 -999.000000 -999.000000 -999.000000 -999.000000 -999.000000 -999.000000 -999.000000 
17.009090 2.960903 21.786140 23.954685 0.056110 0.019208 0.854908 0.146101 
35.564462 3.027448 24.933432 20.966307 0.054562 0.023686 0.860653 0.364451 
4.395856 0.311614 28.170277 22.906698 0.054357 0.027532 0.861241 0.833318 
2085.350249 90.326546 54.868494 24.323558 0.153318 0.018857 0.013211 0.033667 
8906.101846 107.772784 53.349418 24.307302 0.148071 0.018718 0.011097 0.132621 
6190.190718 63.533428 53.668179 24.256905 0.147257 0.018903 0.012244 0.317585 
126.876040 2.662973 56.391447 24.397125 0.148798 0.019788 0.014817 0.651019 
1017.244024 63.086796 47.684412 23.381220 0.148070 0.016690 0.036169 0.033199 
3488.625339 67.451628 51.019537 24.137659 0.151214 0.017457 0.035710 0.134673 
3088.900604 44.879937 51.122293 24.601463 0.150451 0.017591 0.036309 0.327280 
110.443637 2.484547 52.994139 25.739599 0.150959 0.018264 0.036671 0.698085 
295.392015 24.038661 50.299369 23.102996 0.149903 0.017340 0.071597 0.031710 
1448.268575 30.730868 50.425518 23.771383 0.151436 0.017248 0.070869 0.137511 
1628.568558 23.042962 50.968461 24.249302 0.151576 0.017425 0.071976 0.332242 
73.442783 1.432638 52.404781 26.170940 0.152710 0.017822 0.073329 0.726211 
55.752797 4.263523 49.875069 23.240662 0.156053 0.016571 0.180083 0.033659 
225.510828 4.950606 50.181073 23.152351 0.154467 0.016807 0.183916 0.138818 
369.131338 4.478681 50.316389 23.562270 0.152787 0.017006 0.190094 0.347178 
25.226161 0.342777 51.567912 25.317053 0.151274 0.017672 0.207470 0.810409 
2.689828 0.811014 53.508631 23.316927 0.160900 0.017055 0.533058 0.036315 
16.465007 1.158474 49.192029 22.284705 0.151875 0.016799 0.519823 0.140154 
32.766995 1.155603 50.162479 23.058087 0.156188 0.016555 0.521123 0.356917 
3.922957 0.117064 50.488725 24.557968 0.151746 0.017110 0.529161 0.881652 
-999.000000 -999.000000 -999.000000 -999.000000 -999.000000 -999.000000 -999.000000 -999.000000 
2.608318 0.652080 45.143870 23.954685 0.162604 0.013884 0.854943 0.151553 
2.445298 0.446448 47.139565 20.966307 0.151932 0.016179 0.855369 0.376543 
0.342342 0.048906 46.279833 22.906698 0.151525 0.015769 0.861436 0.850142 
-999.000000 -999.000000 -999.000000 24.323558 -999.000000 -999.000000 -999.000000 -999.000000 
52.367381 4.646854 83.662421 24.307302 0.358065 0.011743 0.012404 0.136638 
34.224352 2.656325 85.252627 24.256905 0.362753 0.011802 0.014025 0.317051 
0.494810 0.093510 85.644709 24.397125 0.362413 0.011859 0.016826 0.623324 
-999.000000 -999.000000 -999.000000 23.381220 -999.000000 -999.000000 -999.000000 -999.000000 
28.451569 3.425166 83.197270 24.137659 0.355180 0.011778 0.034668 0.135468 
22.472616 2.152486 84.825850 24.601463 0.361519 0.011771 0.035290 0.327818 
0.883589 0.124958 84.233640 25.739599 0.356495 0.011879 0.036671 0.700695 
-999.000000 -999.000000 -999.000000 23.102996 -999.000000 -999.000000 -999.000000 -999.000000 
14.019614 1.700128 84.102868 23.771383 0.364540 0.011576 0.072086 0.136551 
12.782589 1.147910 83.246531 24.249302 0.357694 0.011677 0.070787 0.342702 
0.432959 0.061851 84.516018 26.170940 0.354390 0.011988 0.073818 0.701111 
-999.000000 -999.000000 -999.000000 23.240662 -999.000000 -999.000000 -999.000000 -999.000000 
1.924261 0.257140 85.227381 23.152351 0.362256 0.011846 0.183113 0.133274 
3.711074 0.252507 84.963193 23.562270 0.364191 0.011711 0.196070 0.341914 
0.197335 0.017047 84.241766 25.317053 0.359817 0.011755 0.216267 0.779857 
-999.000000 -999.000000 -999.000000 23.316927 -999.000000 -999.000000 -999.000000 -999.000000 
-999.000000 -999.000000 -999.000000 22.284705 -999.000000 -999.000000 -999.000000 -999.000000 
0.335028 0.065704 83.243624 23.058087 0.350870 0.011912 0.533952 0.377996 
0.045284 0.007072 83.399340 24.557968 0.363046 0.011534 0.526191 0.830687 
-999.000000 -999.000000 -999.000000 -999.000000 -999.000000 -999.000000 -999.000000 -999.000000 
-999.000000 -999.000000 -999.000000 23.954685 -999.000000 -999.000000 -999.000000 -999.000000 
-999.000000 -999.000000 -999.000000 20.966307 -999.000000 -999.000000 -999.000000 -999.000000 
-999.000000 -999.000000 -999.000000 22.906698 -999.000000 -999.000000 -999.000000 -999.000000 
-999.000000 -999.000000 -999.000000 216.845508 -999.000000 -999.000000 -999.000000 -999.000000 
-999.000000 -999.000000 -999.000000 214.663104 -999.000000 -999.000000 -999.000000 -999.000000 
-999.000000 -999.000000 -999.000000 215.487610 -999.000000 -999.000000 -999.000000 -999.000000 
-999.000000 -999.000000 -999.000000 226.040922 -999.000000 -999.000000 -999.000000 -999.000000 
-999.000000 -999.000000 -999.000000 189.076456 -999.000000 -999.000000 -999.000000 -999.000000 
-999.000000 -999.000000 -999.000000 201.226802 -999.000000 -999.000000 -999.000000 -999.000000 
-999.000000 -999.000000 -999.000000 208.290902 -999.000000 -999.000000 -999.000000 -999.000000 
-999.000000 -999.000000 -999.000000 227.574631 -999.000000 -999.000000 -999.000000 -999.000000 
-999.000000 -999.000000 -999.000000 192.834721 -999.000000 -999.000000 -999.000000 -999.000000 
-999.000000 -999.000000 -999.000000 202.726791 -999.000000 -999.000000 -999.000000 -999.000000 
-999.000000 -999.000000 -999.000000 205.301645 -999.000000 -999.000000 -999.000000 -999.000000 
-999.000000 -999.000000 -999.000000 217.426661 -999.000000 -999.000000 -999.000000 -999.000000 
-999.000000 -999.000000 -999.000000 188.985892 -999.000000 -999.000000 -999.000000 -999.000000 
-999.000000 -999.000000 -999.000000 203.282698 -999.000000 -999.000000 -999.000000 -999.000000 
-999.000000 -999.000000 -999.000000 202.258021 -999.000000 -999.000000 -999.000000 -999.000000 
-999.000000 -999.000000 -999.000000 212.061778 -999.000000 -999.000000 -999.000000 -999.000000 
-999.000000 -999.000000 -999.000000 -999.000000 -999.000000 -999.000000 -999.000000 -999.000000 
-999.000000 -999.000000 -999.000000 199.413198 -999.000000 -999.000000 -999.000000 -999.000000 
-999.000000 -999.000000 -999.000000 193.981668 -999.000000 -999.000000 -999.000000 -999.000000 
-999.000000 -999.000000 -999.000000 212.237882 -999.000000 -999.000000 -999.000000 -999.000000 
-999.000000 -999.000000 -999.000000 -999.000000 -999.000000 -999.000000 -999.000000 -999.000000 
-999.000000 -999.000000 -999.000000 -999.000000 -999.000000 -999.000000 -999.000000 -999.000000 
-999.000000 -999.000000 -999.000000 196.197671 -999.000000 -999.000000 -999.000000 -999.000000 
-999.000000 -999.000000 -999.000000 182.401235 -999.000000 -999.000000 -999.000000 -999.000000 
-999.000000 -999.000000 -999.000000 216.845508 -999.000000 -999.000000 -999.000000 -999.000000 
-999.000000 -999.000000 -999.000000 214.663104 -999.000000 -999.000000 -999.000000 -999.000000 
-999.000000 -999.000000 -999.000000 215.487610 -999.000000 -999.000000 -999.000000 -999.000000 
-999.000000 -999.000000 -999.000000 226.040922 -999.000000 -999.000000 -999.000000 -999.000000 
-999.000000 -999.000000 -999.000000 189.076456 -999.000000 -999.000000 -999.000000 -999.000000 
-999.000000 -999.000000 -999.000000 201.226802 -999.000000 -999.000000 -999.000000 -999.000000 
-999.000000 -999.000000 -999.000000 208.290902 -999.000000 -999.000000 -999.000000 -999.000000 
-999.000000 -999.000000 -999.000000 227.574631 -999.000000 -999.000000 -999.000000 -999.000000 
-999.000000 -999.000000 -999.000000 192.834721 -999.000000 -999.000000 -999.000000 -999.000000 
-999.000000 -999.000000 -999.000000 202.726791 -999.000000 -999.000000 -999.000000 -999.000000 
-999.000000 -999.000000 -999.000000 205.301645 -999.000000 -999.000000 -999.000000 -999.000000 
-999.000000 -999.000000 -999.000000 217.426661 -999.000000 -999.000000 -999.000000 -999.000000 
-999.000000 -999.000000 -999.000000 188.985892 -999.000000 -999.000000 -999.000000 -999.000000 
-999.000000 -999.000000 -999.000000 203.282698 -999.000000 -999.000000 -999.000000 -999.000000 
-999.000000 -999.000000 -999.000000 202.258021 -999.000000 -999.000000 -999.000000 -999.000000 
-999.000000 -999.000000 -999.000000 212.061778 -999.000000 -999.000000 -999.000000 -999.000000 
-999.000000 -999.000000 -999.000000 -999.000000 -999.000000 -999.000000 -999.000000 -999.000000 
-999.000000 -999.000000 -999.000000 199.413198 -999.000000 -999.000000 -999.000000 -999.000000 
-999.000000 -999.000000 -999.000000 193.981668 -999.000000 -999.000000 -999.000000 -999.000000 
-999.000000 -999.000000 -999.000000 212.237882 -999.000000 -999.000000 -999.000000 -999.000000 
-999.000000 -999.000000 -999.000000 -999.000000 -999.000000 -999.000000 -999.000000 -999.000000 
-999.000000 -999.000000 -999.000000 -999.000000 -999.000000 -999.000000 -999.000000 -999.000000 
-999.000000 -999.000000 -999.000000 196.197671 -999.000000 -999.000000 -999.000000 -999.000000 
-999.000000 -999.000000 -999.000000 182.401235 -999.000000 -999.000000 -999.000000 -999.000000 
-999.000000 -999.000000 -999.000000 216.845508 -999.000000 -999.000000 -999.000000 -999.000000 
-999.000000 -999.000000 -999.000000 214.663104 -999.000000 -999.000000 -999.000000 -999.000000 
-999.000000 -999.000000 -999.000000 215.487610 -999.000000 -999.000000 -999.000000 -999.000000 
-999.000000 -999.000000 -999.000000 226.040922 -999.000000 -999.000000 -999.000000 -999.000000 
-999.000000 -999.000000 -999.000000 189.076456 -999.000000 -999.000000 -999.000000 -999.000000 
-999.000000 -999.000000 -999.000000 201.226802 -999.000000 -999.000000 -999.000000 -999.000000 
-999.000000 -999.000000 -999.000000 208.290902 -999.000000 -999.000000 -999.000000 -999.000000 
-999.000000 -999.000000 -999.000000 227.574631 -999.000000 -999.000000 -999.000000 -999.000000 
-999.000000 -999.000000 -999.000000 192.834721 -999.000000 -999.000000 -999.000000 -999.000000 
-999.000000 -999.000000 -999.000000 202.726791 -999.000000 -999.000000 -999.000000 -999.000000 
-999.000000 -999.000000 -999.000000 205.301645 -999.000000 -999.000000 -999.000000 -999.000000 
-999.000000 -999.000000 -999.000000 217.426661 -999.000000 -999.000000 -999.000000 -999.000000 
-999.000000 -999.000000 -999.000000 188.985892 -999.000000 -999.000000 -999.000000 -999.000000 
-999.000000 -999.000000 -999.000000 203.282698 -999.000000 -999.000000 -999.000000 -999.000000 
-999.000000 -999.000000 -999.000000 202.258021 -999.000000 -999.000000 -999.000000 -999.000000 
-999.000000 -999.000000 -999.000000 212.061778 -999.000000 -999.000000 -999.000000 -999.000000 
-999.000000 -999.000000 -999.000000 -999.000000 -999.000000 -999.000000 -999.000000 -999.000000 
-999.000000 -999.000000 -999.000000 199.413198 -999.000000 -999.000000 -999.000000 -999.000000 
-999.000000 -999.000000 -999.000000 193.981668 -999.000000 -999.000000 -999.000000 -999.000000 
-999.000000 -999.000000 -999.000000 212.237882 -999.000000 -999.000000 -999.000000 -999.000000 
-999.000000 -999.000000 -999.000000 -999.000000 -999.000000 -999.000000 -999.000000 -999.000000 
-999.000000 -999.000000 -999.000000 -999.000000 -999.000000 -999.000000 -999.000000 -999.000000 
-999.000000 -999.000000 -999.000000 196.197671 -999.000000 -999.000000 -999.000000 -999.000000 
-999.000000 -999.000000 -999.000000 182.401235 -999.000000 -999.000000 -999.000000 -999.000000 
1855.537140 151.503973 120.619971 216.845508 0.007892 0.774337 0.006199 0.033784 
8485.989852 187.059523 122.254703 214.663104 0.008079 0.765603 0.005186 0.133094 
6661.378332 117.191367 122.391669 215.487610 0.008095 0.765383 0.005674 0.324435 
212.944977 6.134425 122.469188 226.040922 0.008098 0.765257 0.007157 0.715803 
420.588418 72.130319 118.322897 189.076456 0.007870 0.759470 0.036000 0.031505 
1356.603820 74.791990 122.242559 201.226802 0.008070 0.766616 0.035497 0.128791 
1206.099141 49.866062 123.198249 208.290902 0.008145 0.764755 0.035734 0.331970 
70.510411 3.529936 122.684663 227.574631 0.008045 0.771481 0.035982 0.828793 
92.776857 23.954881 118.637833 192.834721 0.008034 0.751954 0.073003 0.033819 
395.847923 28.567863 120.126615 202.726791 0.008094 0.751439 0.070510 0.135170 
531.920647 23.416501 121.855562 205.301645 0.008151 0.756997 0.071293 0.335050 
45.416480 2.003235 122.913283 217.426661 0.008126 0.765324 0.072026 0.901512 
-999.000000 -999.000000 -999.000000 188.985892 -999.000000 -999.000000 -999.000000 -999.000000 
35.736271 3.504230 122.887749 203.282698 0.008078 0.769642 0.165842 0.138377 
73.190632 3.546098 121.422010 202.258021 0.008179 0.752269 0.171436 0.349496 
9.469130 0.373426 121.648732 212.061778 0.008096 0.760811 0.184598 1.071399 
-999.000000 -999.000000 -999.000000 -999.000000 -999.000000 -999.000000 -999.000000 -999.000000 
-999.000000 -999.000000 -999.000000 199.413198 -999.000000 -999.000000 -999.000000 -999.000000 
2.577135 0.576265 121.557530 193.981668 0.008126 0.760096 0.519942 0.344743 
0.585378 0.080408 118.277616 212.237882 0.008040 0.745578 0.513781 1.348770 
-999.000000 -999.000000 -999.000000 -999.000000 -999.000000 -999.000000 -999.000000 -999.000000 
-999.000000 -999.000000 -999.000000 -999.000000 -999.000000 -999.000000 -999.000000 -999.000000 
-999.000000 -999.000000 -999.000000 196.197671 -999.000000 -999.000000 -999.000000 -999.000000 
-999.000000 -999.000000 -999.000000 182.401235 -999.000000 -999.000000 -999.000000 -999.000000 
2879.583083 106.142841 172.536628 216.845508 0.019170 0.479882 0.006335 0.033389 
11013.622799 119.847884 171.714888 214.663104 0.019034 0.482571 0.005493 0.132803 
8707.217598 75.351165 173.547244 215.487610 0.019092 0.483645 0.006146 0.323691 
284.940112 3.990742 176.644228 226.040922 0.019150 0.491230 0.007807 0.711996 
539.921828 45.961198 165.513471 189.076456 0.018836 0.468036 0.036502 0.034188 
1673.236004 46.713658 166.077580 201.226802 0.019093 0.462816 0.035380 0.136647 
1636.719552 32.669118 169.475478 208.290902 0.019118 0.475847 0.036158 0.336752 
108.207936 2.459271 175.962657 227.574631 0.019273 0.486534 0.036750 0.850894 
172.148989 18.351144 170.039295 192.834721 0.019152 0.464027 0.069454 0.034678 
530.792715 18.604275 167.768130 202.726791 0.019494 0.462032 0.069846 0.136583 
715.005175 15.268271 167.717537 205.301645 0.019281 0.466374 0.071044 0.341116 
61.118480 1.306917 172.624160 217.426661 0.019411 0.474671 0.072076 0.963181 
12.063471 1.983222 176.829506 188.985892 0.020537 0.482650 0.148174 0.030886 
60.643394 2.567240 160.694776 203.282698 0.019564 0.443029 0.171379 0.134449 
102.539502 2.360507 167.185933 202.258021 0.019738 0.453518 0.173473 0.350439 
14.252595 0.257652 169.803723 212.061778 0.019550 0.465910 0.189585 1.079293 
-999.000000 -999.000000 -999.000000 -999.000000 -999.000000 -999.000000 -999.000000 -999.000000 
1.793219 0.382315 152.379877 199.413198 0.020711 0.409385 0.513219 0.137711 
3.953232 0.401390 149.317320 193.981668 0.020057 0.412526 0.494691 0.374980 
1.020039 0.059693 163.722844 212.237882 0.019646 0.453434 0.505424 1.318644 
-999.000000 -999.000000 -999.000000 -999.000000 -999.000000 -999.000000 -999.000000 -999.000000 
-999.000000 -999.000000 -999.000000 -999.000000 -999.000000 -999.000000 -999.000000 -999.000000 
-999.000000 -999.000000 -999.000000 196.197671 -999.000000 -999.000000 -999.000000 -999.000000 
-999.000000 -999.000000 -999.000000 182.401235 -999.000000 -999.000000 -999.000000 -999.000000 
836.228738 32.162644 262.645455 216.845508 0.056170 0.255539 0.007518 0.034386 
3207.605202 36.367967 247.218436 214.663104 0.057251 0.237308 0.006390 0.132011 
2493.841916 22.675038 249.708929 215.487610 0.057362 0.238618 0.007030 0.325034 
80.530312 1.192943 272.290401 226.040922 0.056759 0.261988 0.008960 0.708521 
154.628095 13.830357 226.989400 189.076456 0.055401 0.222990 0.036356 0.032516 
554.187092 15.116692 222.692879 201.226802 0.058684 0.208957 0.035404 0.134721 
585.937395 10.991050 230.726609 208.290902 0.057978 0.218866 0.036178 0.334347 
36.227154 0.800124 269.430846 227.574631 0.058673 0.252733 0.036789 0.861115 
46.388428 5.356474 218.931318 192.834721 0.057688 0.208460 0.067730 0.032532 
200.810353 6.434379 220.765792 202.726791 0.059180 0.207118 0.069290 0.136171 
252.146880 5.098300 221.592073 205.301645 0.059061 0.206652 0.071020 0.338604 
19.350602 0.413497 248.791467 217.426661 0.058338 0.234983 0.072266 0.940253 
4.535757 0.683791 197.660810 188.985892 0.062830 0.181517 0.168221 0.033508 
23.950174 0.907178 218.593543 203.282698 0.059318 0.199617 0.173821 0.136850 
41.818309 0.847630 211.981068 202.258021 0.059638 0.196233 0.178005 0.348712 
4.971661 0.085566 231.999652 212.061778 0.059008 0.215985 0.194173 1.063581 
-999.000000 -999.000000 -999.000000 -999.000000 -999.000000 -999.000000 -999.000000 -999.000000 
1.030854 0.162992 197.290437 199.413198 0.069777 0.151778 0.517097 0.146760 
1.829766 0.153551 203.161629 193.981668 0.063736 0.177773 0.499697 0.361104 
0.418600 0.021502 231.321361 212.237882 0.057962 0.218906 0.519714 1.177724 
-999.000000 -999.000000 -999.000000 -999.000000 -999.000000 -999.000000 -999.000000 -999.000000 
-999.000000 -999.000000 -999.000000 -999.000000 -999.000000 -999.000000 -999.000000 -999.000000 
-999.000000 -999.000000 -999.000000 196.197671 -999.000000 -999.000000 -999.000000 -999.000000 
0.030926 0.008265 225.477369 182.401235 0.057159 0.215149 0.880222 1.345759 
133.024219 7.214251 254.127571 216.845508 0.177475 0.080078 0.009024 0.032757 
587.132384 8.750508 270.939412 214.663104 0.172491 0.086265 0.007981 0.132464 
445.826756 5.391795 270.666643 215.487610 0.169393 0.088087 0.008819 0.323129 
12.592587 0.265298 287.592759 226.040922 0.168056 0.093857 0.010599 0.682778 
33.647302 3.628282 198.088387 189.076456 0.167509 0.065891 0.035840 0.032939 
133.937130 4.179418 229.948888 201.226802 0.177108 0.071488 0.035653 0.134451 
134.197962 2.958171 238.928183 208.290902 0.176123 0.074968 0.036049 0.331235 
6.561783 0.191508 267.463640 227.574631 0.171676 0.085693 0.036228 0.788200 
12.128679 1.540344 205.025607 192.834721 0.173124 0.063311 0.069878 0.034306 
49.623250 1.798841 231.878724 202.726791 0.177997 0.073154 0.070647 0.136510 
64.751495 1.452982 240.836381 205.301645 0.179974 0.074396 0.070847 0.338074 
4.208707 0.108452 263.302147 217.426661 0.172605 0.083957 0.072682 0.852189 
1.434575 0.216270 203.784294 188.985892 0.171845 0.063847 0.189496 0.030825 
7.107667 0.277932 228.868262 203.282698 0.178632 0.071192 0.179003 0.138831 
12.606870 0.261736 226.475473 202.258021 0.183097 0.069149 0.186028 0.350457 
1.157907 0.023223 250.312145 212.061778 0.178297 0.077647 0.200375 0.963061 
-999.000000 -999.000000 -999.000000 -999.000000 -999.000000 -999.000000 -999.000000 -999.000000 
0.464607 0.061539 199.924496 199.413198 0.179753 0.062029 0.517096 0.127231 
0.819175 0.057780 203.304941 193.981668 0.186495 0.058652 0.515570 0.364145 
0.150560 0.007252 227.421753 212.237882 0.178631 0.070888 0.525015 1.023981 
-999.000000 -999.000000 -999.000000 -999.000000 -999.000000 -999.000000 -999.000000 -999.000000 
-999.000000 -999.000000 -999.000000 -999.000000 -999.000000 -999.000000 -999.000000 -999.000000 
-999.000000 -999.000000 -999.000000 196.197671 -999.000000 -999.000000 -999.000000 -999.000000 
0.007685 0.002317 148.406611 182.401235 0.149358 0.052836 0.874942 0.756032 
8.288066 1.012548 267.718663 216.845508 0.405848 0.033451 0.011406 0.032269 
26.142457 1.038250 287.644651 214.663104 0.414448 0.035764 0.010357 0.134302 
19.751162 0.638131 288.162538 215.487610 0.412869 0.035916 0.011085 0.318925 
0.463001 0.028604 329.831460 226.040922 0.403394 0.042271 0.013242 0.662366 
3.216264 0.630761 194.582956 189.076456 0.413710 0.024526 0.036741 0.035770 
10.432242 0.655869 251.559927 201.226802 0.416840 0.031334 0.036247 0.134223 
8.184980 0.410792 259.656433 208.290902 0.414533 0.031896 0.035832 0.335223 
0.303955 0.023176 280.696386 227.574631 0.406154 0.035622 0.036468 0.709255 
1.298876 0.283438 212.161909 192.834721 0.404732 0.027342 0.064377 0.028825 
3.628606 0.273516 228.641430 202.726791 0.435936 0.027277 0.071171 0.135092 
4.618226 0.218191 238.921639 205.301645 0.418469 0.029385 0.071785 0.325324 
0.192622 0.013046 257.727285 217.426661 0.412269 0.031872 0.073356 0.753073 
-999.000000 -999.000000 -999.000000 188.985892 -999.000000 -999.000000 -999.000000 -999.000000 
0.659747 0.047613 227.868729 203.282698 0.439376 0.026196 0.182264 0.139091 
0.999928 0.041448 237.939780 202.258021 0.431527 0.028713 0.192307 0.343390 
0.078492 0.003400 259.049708 212.061778 0.417200 0.032033 0.207961 0.834745 
-999.000000 -999.000000 -999.000000 -999.000000 -999.000000 -999.000000 -999.000000 -999.000000 
0.056697 0.012088 270.636044 199.413198 0.461491 0.030945 0.510727 0.148403 
0.091488 0.010858 230.649167 193.981668 0.444010 0.027153 0.509126 0.355860 
0.012370 0.001169 260.178939 212.237882 0.421612 0.031368 0.519715 0.886682 
-999.000000 -999.000000 -999.000000 -999.000000 -999.000000 -999.000000 -999.000000 -999.000000 
-999.000000 -999.000000 -999.000000 -999.000000 -999.000000 -999.000000 -999.000000 -999.000000 
-999.000000 -999.000000 -999.000000 196.197671 -999.000000 -999.000000 -999.000000 -999.000000 
-999.000000 -999.000000 -999.000000 182.401235 -999.000000 -999.000000 -999.000000 -999.000000 
-999.000000 -999.000000 -999.000000 1603.120086 -999.000000 -999.000000 -999.000000 -999.000000 
-999.000000 -999.000000 -999.000000 1640.051026 -999.000000 -999.000000 -999.000000 -999.000000 
-999.000000 -999.000000 -999.000000 1690.388862 -999.000000 -999.000000 -999.000000 -999.000000 
-999.000000 -999.000000 -999.000000 1753.202006 -999.000000 -999.000000 -999.000000 -999.000000 
-999.000000 -999.000000 -999.000000 -999.000000 -999.000000 -999.000000 -999.000000 -999.000000 
-999.000000 -999.000000 -999.000000 1557.109548 -999.000000 -999.000000 -999.000000 -999.000000 
-999.000000 -999.000000 -999.000000 1664.807053 -999.000000 -999.000000 -999.000000 -999.000000 
-999.000000 -999.000000 -999.000000 1697.921667 -999.000000 -999.000000 -999.000000 -999.000000 
-999.000000 -999.000000 -999.000000 -999.000000 -999.000000 -999.000000 -999.000000 -999.000000 
-999.000000 -999.000000 -999.000000 1636.790783 -999.000000 -999.000000 -999.000000 -999.000000 
-999.000000 -999.000000 -999.000000 1734.521409 -999.000000 -999.000000 -999.000000 -999.000000 
-999.000000 -999.000000 -999.000000 1762.587454 -999.000000 -999.000000 -999.000000 -999.000000 
-999.000000 -999.000000 -999.000000 -999.000000 -999.000000 -999.000000 -999.000000 -999.000000 
-999.000000 -999.000000 -999.000000 1488.377889 -999.000000 -999.000000 -999.000000 -999.000000 
-999.000000 -999.000000 -999.000000 1734.331098 -999.000000 -999.000000 -999.000000 -999.000000 
-999.000000 -999.000000 -999.000000 1628.500355 -999.000000 -999.000000 -999.000000 -999.000000 
-999.000000 -999.000000 -999.000000 -999.000000 -999.000000 -999.000000 -999.000000 -999.000000 
-999.000000 -999.000000 -999.000000 -999.000000 -999.000000 -999.000000 -999.000000 -999.000000 
-999.000000 -999.000000 -999.000000 1487.221787 -999.000000 -999.000000 -999.000000 -999.000000 
-999.000000 -999.000000 -999.000000 1775.091972 -999.000000 -999.000000 -999.000000 -999.000000 
-999.000000 -999.000000 -999.000000 -999.000000 -999.000000 -999.000000 -999.000000 -999.000000 
-999.000000 -999.000000 -999.000000 -999.000000 -999.000000 -999.000000 -999.000000 -999.000000 
-999.000000 -999.000000 -999.000000 -999.000000 -999.000000 -999.000000 -999.000000 -999.000000 
-999.000000 -999.000000 -999.000000 -999.000000 -999.000000 -999.000000 -999.000000 -999.000000 
-999.000000 -999.000000 -999.000000 1603.120086 -999.000000 -999.000000 -999.000000 -999.000000 
-999.000000 -999.000000 -999.000000 1640.051026 -999.000000 -999.000000 -999.000000 -999.000000 
-999.000000 -999.000000 -999.000000 1690.388862 -999.000000 -999.000000 -999.000000 -999.000000 
-999.000000 -999.000000 -999.000000 1753.202006 -999.000000 -999.000000 -999.000000 -999.000000 
-999.000000 -999.000000 -999.000000 -999.000000 -999.000000 -999.000000 -999.000000 -999.000000 
-999.000000 -999.000000 -999.000000 1557.109548 -999.000000 -999.000000 -999.000000 -999.000000 
-999.000000 -999.000000 -999.000000 1664.807053 -999.000000 -999.000000 -999.000000 -999.000000 
-999.000000 -999.000000 -999.000000 1697.921667 -999.000000 -999.000000 -999.000000 -999.000000 
-999.000000 -999.000000 -999.000000 -999.000000 -999.000000 -999.000000 -999.000000 -999.000000 
-999.000000 -999.000000 -999.000000 1636.790783 -999.000000 -999.000000 -999.000000 -999.000000 
-999.000000 -999.000000 -999.000000 1734.521409 -999.000000 -999.000000 -999.000000 -999.000000 
-999.000000 -999.000000 -999.000000 1762.587454 -999.000000 -999.000000 -999.000000 -999.000000 
-999.000000 -999.000000 -999.000000 -999.000000 -999.000000 -999.000000 -999.000000 -999.000000 
-999.000000 -999.000000 -999.000000 1488.377889 -999.000000 -999.000000 -999.000000 -999.000000 
-999.000000 -999.000000 -999.000000 1734.331098 -999.000000 -999.000000 -999.000000 -999.000000 
-999.000000 -999.000000 -999.000000 1628.500355 -999.000000 -999.000000 -999.000000 -999.000000 
-999.000000 -999.000000 -999.000000 -999.000000 -999.000000 -999.000000 -999.000000 -999.000000 
-999.000000 -999.000000 -999.000000 -999.000000 -999.000000 -999.000000 -999.000000 -999.000000 
-999.000000 -999.000000 -999.000000 1487.221787 -999.000000 -999.000000 -999.000000 -999.000000 
-999.000000 -999.000000 -999.000000 1775.091972 -999.000000 -999.000000 -999.000000 -999.000000 
-999.000000 -999.000000 -999.000000 -999.000000 -999.000000 -999.000000 -999.000000 -999.000000 
-999.000000 -999.000000 -999.000000 -999.000000 -999.000000 -999.000000 -999.000000 -999.000000 
-999.000000 -999.000000 -999.000000 -999.000000 -999.000000 -999.000000 -999.000000 -999.000000 
-999.000000 -999.000000 -999.000000 -999.000000 -999.000000 -999.000000 -999.000000 -999.000000 
-999.000000 -999.000000 -999.000000 1603.120086 -999.000000 -999.000000 -999.000000 -999.000000 
-999.000000 -999.000000 -999.000000 1640.051026 -999.000000 -999.000000 -999.000000 -999.000000 
-999.000000 -999.000000 -999.000000 1690.388862 -999.000000 -999.000000 -999.000000 -999.000000 
-999.000000 -999.000000 -999.000000 1753.202006 -999.000000 -999.000000 -999.000000 -999.000000 
-999.000000 -999.000000 -999.000000 -999.000000 -999.000000 -999.000000 -999.000000 -999.000000 
-999.000000 -999.000000 -999.000000 1557.109548 -999.000000 -999.000000 -999.000000 -999.000000 
-999.000000 -999.000000 -999.000000 1664.807053 -999.000000 -999.000000 -999.000000 -999.000000 
-999.000000 -999.000000 -999.000000 1697.921667 -999.000000 -999.000000 -999.000000 -999.000000 
-999.000000 -999.000000 -999.000000 -999.000000 -999.000000 -999.000000 -999.000000 -999.000000 
-999.000000 -999.000000 -999.000000 1636.790783 -999.000000 -999.000000 -999.000000 -999.000000 
-999.000000 -999.000000 -999.000000 1734.521409 -999.000000 -999.000000 -999.000000 -999.000000 
-999.000000 -999.000000 -999.000000 1762.587454 -999.000000 -999.000000 -999.000000 -999.000000 
-999.000000 -999.000000 -999.000000 -999.000000 -999.000000 -999.000000 -999.000000 -999.000000 
-999.000000 -999.000000 -999.000000 1488.377889 -999.000000 -999.000000 -999.000000 -999.000000 
-999.000000 -999.000000 -999.000000 1734.331098 -999.000000 -999.000000 -999.000000 -999.000000 
-999.000000 -999.000000 -999.000000 1628.500355 -999.000000 -999.000000 -999.000000 -999.000000 
-999.000000 -999.000000 -999.000000 -999.000000 -999.000000 -999.000000 -999.000000 -999.000000 
-999.000000 -999.000000 -999.000000 -999.000000 -999.000000 -999.000000 -999.000000 -999.000000 
-999.000000 -999.000000 -999.000000 1487.221787 -999.000000 -999.000000 -999.000000 -999.000000 
-999.000000 -999.000000 -999.000000 1775.091972 -999.000000 -999.000000 -999.000000 -999.000000 
-999.000000 -999.000000 -999.000000 -999.000000 -999.000000 -999.000000 -999.000000 -999.000000 
-999.000000 -999.000000 -999.000000 -999.000000 -999.000000 -999.000000 -999.000000 -999.000000 
-999.000000 -999.000000 -999.000000 -999.000000 -999.000000 -999.000000 -999.000000 -999.000000 
-999.000000 -999.000000 -999.000000 -999.000000 -999.000000 -999.000000 -999.000000 -999.000000 
-999.000000 -999.000000 -999.000000 1603.120086 -999.000000 -999.000000 -999.000000 -999.000000 
-999.000000 -999.000000 -999.000000 1640.051026 -999.000000 -999.000000 -999.000000 -999.000000 
-999.000000 -999.000000 -999.000000 1690.388862 -999.000000 -999.000000 -999.000000 -999.000000 
-999.000000 -999.000000 -999.000000 1753.202006 -999.000000 -999.000000 -999.000000 -999.000000 
-999.000000 -999.000000 -999.000000 -999.000000 -999.000000 -999.000000 -999.000000 -999.000000 
-999.000000 -999.000000 -999.000000 1557.109548 -999.000000 -999.000000 -999.000000 -999.000000 
-999.000000 -999.000000 -999.000000 1664.807053 -999.000000 -999.000000 -999.000000 -999.000000 
-999.000000 -999.000000 -999.000000 1697.921667 -999.000000 -999.000000 -999.000000 -999.000000 
-999.000000 -999.000000 -999.000000 -999.000000 -999.000000 -999.000000 -999.000000 -999.000000 
-999.000000 -999.000000 -999.000000 1636.790783 -999.000000 -999.000000 -999.000000 -999.000000 
-999.000000 -999.000000 -999.000000 1734.521409 -999.000000 -999.000000 -999.000000 -999.000000 
-999.000000 -999.000000 -999.000000 1762.587454 -999.000000 -999.000000 -999.000000 -999.000000 
-999.000000 -999.000000 -999.000000 -999.000000 -999.000000 -999.000000 -999.000000 -999.000000 
-999.000000 -999.000000 -999.000000 1488.377889 -999.000000 -999.000000 -999.000000 -999.000000 
-999.000000 -999.000000 -999.000000 1734.331098 -999.000000 -999.000000 -999.000000 -999.000000 
-999.000000 -999.000000 -999.000000 1628.500355 -999.000000 -999.000000 -999.000000 -999.000000 
-999.000000 -999.000000 -999.000000 -999.000000 -999.000000 -999.000000 -999.000000 -999.000000 
-999.000000 -999.000000 -999.000000 -999.000000 -999.000000 -999.000000 -999.000000 -999.000000 
-999.000000 -999.000000 -999.000000 1487.221787 -999.000000 -999.000000 -999.000000 -999.000000 
-999.000000 -999.000000 -999.000000 1775.091972 -999.000000 -999.000000 -999.000000 -999.000000 
-999.000000 -999.000000 -999.000000 -999.000000 -999.000000 -999.000000 -999.000000 -999.000000 
-999.000000 -999.000000 -999.000000 -999.000000 -999.000000 -999.000000 -999.000000 -999.000000 
-999.000000 -999.000000 -999.000000 -999.000000 -999.000000 -999.000000 -999.000000 -999.000000 
-999.000000 -999.000000 -999.000000 -999.000000 -999.000000 -999.000000 -999.000000 -999.000000 
-999.000000 -999.000000 -999.000000 1603.120086 -999.000000 -999.000000 -999.000000 -999.000000 
-999.000000 -999.000000 -999.000000 1640.051026 -999.000000 -999.000000 -999.000000 -999.000000 
-999.000000 -999.000000 -999.000000 1690.388862 -999.000000 -999.000000 -999.000000 -999.000000 
-999.000000 -999.000000 -999.000000 1753.202006 -999.000000 -999.000000 -999.000000 -999.000000 
-999.000000 -999.000000 -999.000000 -999.000000 -999.000000 -999.000000 -999.000000 -999.000000 
-999.000000 -999.000000 -999.000000 1557.109548 -999.000000 -999.000000 -999.000000 -999.000000 
-999.000000 -999.000000 -999.000000 1664.807053 -999.000000 -999.000000 -999.000000 -999.000000 
-999.000000 -999.000000 -999.000000 1697.921667 -999.000000 -999.000000 -999.000000 -999.000000 
-999.000000 -999.000000 -999.000000 -999.000000 -999.000000 -999.000000 -999.000000 -999.000000 
-999.000000 -999.000000 -999.000000 1636.790783 -999.000000 -999.000000 -999.000000 -999.000000 
-999.000000 -999.000000 -999.000000 1734.521409 -999.000000 -999.000000 -999.000000 -999.000000 
-999.000000 -999.000000 -999.000000 1762.587454 -999.000000 -999.000000 -999.000000 -999.000000 
-999.000000 -999.000000 -999.000000 -999.000000 -999.000000 -999.000000 -999.000000 -999.000000 
-999.000000 -999.000000 -999.000000 1488.377889 -999.000000 -999.000000 -999.000000 -999.000000 
-999.000000 -999.000000 -999.000000 1734.331098 -999.000000 -999.000000 -999.000000 -999.000000 
-999.000000 -999.000000 -999.000000 1628.500355 -999.000000 -999.000000 -999.000000 -999.000000 
-999.000000 -999.000000 -999.000000 -999.000000 -999.000000 -999.000000 -999.000000 -999.000000 
-999.000000 -999.000000 -999.000000 -999.000000 -999.000000 -999.000000 -999.000000 -999.000000 
-999.000000 -999.000000 -999.000000 1487.221787 -999.000000 -999.000000 -999.000000 -999.000000 
-999.000000 -999.000000 -999.000000 1775.091972 -999.000000 -999.000000 -999.000000 -999.000000 
-999.000000 -999.000000 -999.000000 -999.000000 -999.000000 -999.000000 -999.000000 -999.000000 
-999.000000 -999.000000 -999.000000 -999.000000 -999.000000 -999.000000 -999.000000 -999.000000 
-999.000000 -999.000000 -999.000000 -999.000000 -999.000000 -999.000000 -999.000000 -999.000000 
-999.000000 -999.000000 -999.000000 -999.000000 -999.000000 -999.000000 -999.000000 -999.000000 
1.484430 0.428518 1248.847804 1603.120086 0.078858 0.799504 0.006005 0.037131 
4.123416 0.412342 1212.082546 1640.051026 0.080351 0.766364 0.003991 0.130162 
3.463669 0.267228 1219.224286 1690.388862 0.081185 0.760219 0.005100 0.322797 
0.141374 0.015806 1249.462910 1753.202006 0.081713 0.774382 0.009619 0.761663 
-999.000000 -999.000000 -999.000000 -999.000000 -999.000000 -999.000000 -999.000000 -999.000000 
0.577278 0.154284 1197.392862 1557.109548 0.080326 0.761229 0.035187 0.123743 
0.536044 0.105127 1204.545964 1664.807053 0.078830 0.780465 0.037079 0.343365 
0.051248 0.009517 1211.362966 1697.921667 0.074559 0.825545 0.035916 1.216882 
-999.000000 -999.000000 -999.000000 -999.000000 -999.000000 -999.000000 -999.000000 -999.000000 
-999.000000 -999.000000 -999.000000 1636.790783 -999.000000 -999.000000 -999.000000 -999.000000 
0.278331 0.053565 1238.926850 1734.521409 0.078755 0.793506 0.069288 0.344657 
0.021206 0.004329 1245.701149 1762.587454 0.080424 0.784292 0.072759 1.139352 
-999.000000 -999.000000 -999.000000 -999.000000 -999.000000 -999.000000 -999.000000 -999.000000 
-999.000000 -999.000000 -999.000000 1488.377889 -999.000000 -999.000000 -999.000000 -999.000000 
0.027489 0.006872 1252.000797 1734.331098 0.082288 0.765239 0.192596 0.330179 
0.006038 0.000943 1159.371935 1628.500355 0.076959 0.763786 0.184396 1.119979 
-999.000000 -999.000000 -999.000000 -999.000000 -999.000000 -999.000000 -999.000000 -999.000000 
-999.000000 -999.000000 -999.000000 -999.000000 -999.000000 -999.000000 -999.000000 -999.000000 
-999.000000 -999.000000 -999.000000 1487.221787 -999.000000 -999.000000 -999.000000 -999.000000 
-999.000000 -999.000000 -999.000000 1775.091972 -999.000000 -999.000000 -999.000000 -999.000000 
-999.000000 -999.000000 -999.000000 -999.000000 -999.000000 -999.000000 -999.000000 -999.000000 
-999.000000 -999.000000 -999.000000 -999.000000 -999.000000 -999.000000 -999.000000 -999.000000 
-999.000000 -999.000000 -999.000000 -999.000000 -999.000000 -999.000000 -999.000000 -999.000000 
-999.000000 -999.000000 -999.000000 -999.000000 -999.000000 -999.000000 -999.000000 -999.000000 
1.056369 0.203298 1485.378420 1603.120086 0.188583 0.433216 0.004734 0.034090 
4.264600 0.235833 1618.293692 1640.051026 0.183846 0.476403 0.005353 0.127754 
3.332126 0.147405 1661.830059 1690.388862 0.184374 0.487693 0.006496 0.328247 
0.146438 0.009047 1648.156354 1753.202006 0.180198 0.501786 0.008586 0.770516 
-999.000000 -999.000000 -999.000000 -999.000000 -999.000000 -999.000000 -999.000000 -999.000000 
0.482539 0.079329 1604.032172 1557.109548 0.194210 0.446373 0.036571 0.142674 
0.586872 0.061862 1617.778996 1664.807053 0.179748 0.491115 0.035291 0.353637 
0.064276 0.005994 1545.292002 1697.921667 0.183556 0.470860 0.037668 1.223897 
-999.000000 -999.000000 -999.000000 -999.000000 -999.000000 -999.000000 -999.000000 -999.000000 
0.176061 0.033883 1755.830799 1636.790783 0.177915 0.531022 0.071178 0.131693 
0.280394 0.030236 1683.949616 1734.521409 0.190697 0.476234 0.071905 0.356282 
0.024593 0.002622 1631.177856 1762.587454 0.178484 0.492984 0.072141 1.302735 
-999.000000 -999.000000 -999.000000 -999.000000 -999.000000 -999.000000 -999.000000 -999.000000 
0.021736 0.004860 1477.586215 1488.377889 0.181344 0.463524 0.177600 0.126996 
0.033691 0.004279 1761.224399 1734.331098 0.192779 0.508788 0.161757 0.352731 
0.006381 0.000545 1619.138405 1628.500355 0.192677 0.458211 0.197873 1.212142 
-999.000000 -999.000000 -999.000000 -999.000000 -999.000000 -999.000000 -999.000000 -999.000000 
-999.000000 -999.000000 -999.000000 -999.000000 -999.000000 -999.000000 -999.000000 -999.000000 
-999.000000 -999.000000 -999.000000 1487.221787 -999.000000 -999.000000 -999.000000 -999.000000 
0.000419 0.000121 1392.990936 1775.091972 0.170516 0.455634 0.572682 1.521139 
-999.000000 -999.000000 -999.000000 -999.000000 -999.000000 -999.000000 -999.000000 -999.000000 
-999.000000 -999.000000 -999.000000 -999.000000 -999.000000 -999.000000 -999.000000 -999.000000 
-999.000000 -999.000000 -999.000000 -999.000000 -999.000000 -999.000000 -999.000000 -999.000000 
-999.000000 -999.000000 -999.000000 -999.000000 -999.000000 -999.000000 -999.000000 -999.000000 
-999.000000 -999.000000 -999.000000 1603.120086 -999.000000 -999.000000 -999.000000 -999.000000 
0.301009 0.035230 2323.770149 1640.051026 0.402440 0.288031 0.006533 0.135068 
0.259775 0.023143 2434.430110 1690.388862 0.414808 0.305745 0.006259 0.333649 
0.012370 0.001479 2722.074699 1753.202006 0.399712 0.358926 0.008567 0.737363 
-999.000000 -999.000000 -999.000000 -999.000000 -999.000000 -999.000000 -999.000000 -999.000000 
0.045358 0.013676 1857.100142 1557.109548 0.425669 0.223805 0.035224 0.117481 
0.082468 0.013039 2069.789886 1664.807053 0.427607 0.256446 0.037132 0.316638 
0.005832 0.001015 2657.394811 1697.921667 0.378146 0.362195 0.035316 1.234819 
-999.000000 -999.000000 -999.000000 -999.000000 -999.000000 -999.000000 -999.000000 -999.000000 
0.028864 0.007714 1598.073277 1636.790783 0.382238 0.212747 0.068222 0.118873 
0.027833 0.005356 2391.196490 1734.521409 0.453064 0.274174 0.066872 0.349497 
0.003181 0.000530 2428.401788 1762.587454 0.403947 0.305870 0.075222 1.102187 
-999.000000 -999.000000 -999.000000 -999.000000 -999.000000 -999.000000 -999.000000 -999.000000 
-999.000000 -999.000000 -999.000000 1488.377889 -999.000000 -999.000000 -999.000000 -999.000000 
0.004811 0.000909 1950.398961 1734.331098 0.420031 0.247411 0.181142 0.350505 
0.000545 0.000090 2183.009881 1628.500355 0.427730 0.263707 0.181306 1.002287 
-999.000000 -999.000000 -999.000000 -999.000000 -999.000000 -999.000000 -999.000000 -999.000000 
-999.000000 -999.000000 -999.000000 -999.000000 -999.000000 -999.000000 -999.000000 -999.000000 
-999.000000 -999.000000 -999.000000 1487.221787 -999.000000 -999.000000 -999.000000 -999.000000 
-999.000000 -999.000000 -999.000000 1775.091972 -999.000000 -999.000000 -999.000000 -999.000000 
-999.000000 -999.000000 -999.000000 -999.000000 -999.000000 -999.000000 -999.000000 -999.000000 
-999.000000 -999.000000 -999.000000 -999.000000 -999.000000 -999.000000 -999.000000 -999.000000 
-999.000000 -999.000000 -999.000000 -999.000000 -999.000000 -999.000000 -999.000000 -999.000000 
-999.000000 -999.000000 -999.000000 -999.000000 -999.000000 -999.000000 -999.000000 -999.000000 
